2
7
8
10
13
15
16
17
19
22
24
34
35
37
39
41
46
50
51
52
56
60
64
65
66
70
72
73
75
76
77
79
96
98
104
108
111
114
116
118
120
121
124
126
133
134
135
136
137
143
144
146
148
150
156
157
159
160
168
172
174
177
179
181
182
184
186
188
189
191
202
205
206
209
212
215
217
220
230
234
235
237
238
243
245
246
249
250
257
258
265
267
269
272
274
275
278
279
282
283
284
285
288
294
301
303
309
322
324
330
332
338
347
348
349
350
351
357
364
366
367
368
370
374
382
383
390
394
398
403
406
410
411
418
420
421
425
426
427
431
435
439
440
444
448
449
457
459
461
465
466
468
475
477
478
482
483
485
486
495
498
499
509
510
514
515
519
520
522
524
530
534
535
537
540
543
545
546
551
555
558
559
560
564
568
569
572
573
574
576
577
578
584
589
593
594
606
607
615
618
620
625
627
628
629
630
631
636
637
640
641
642
645
646
647
654
655
656
659
661
663
666
668
671
674
681
682
685
687
688
692
694
695
703
707
709
711
713
719
726
727
733
738
741
742
746
747
751
752
755
761
763
770
773
774
775
777
778
781
782
786
791
793
794
798
800
806
808
811
812
813
815
816
818
819
823
825
834
837
838
841
843
845
846
851
854
856
861
873
875
877
880
885
893
894
896
899
900
907
909
912
926
927
930
931
933
935
941
945
954
957
964
969
974
977
978
979
982
984
985
990
994
995
996
1001
1004
1005
1007
1009
1015
1022
1027
1029
1032
1033
1040
1043
1045
1047
1048
1054
1055
1056
1057
1060
1062
1066
1067
1068
1070
1072
1073
1074
1076
1077
1086
1089
1091
1093
1094
1096
1097
1108
1111
1114
1120
1122
1124
1126
1128
1130
1137
1141
1147
1152
1155
1157
1160
1161
1163
1165
1172
1173
1178
1182
1191
1192
1194
1201
1202
1203
1210
1219
1229
1230
1235
1241
1246
1247
1249
1253
1257
1258
1259
1262
1268
1271
1274
1275
1276
1282
1291
1294
1297
1301
1302
1303
1304
1308
1309
1311
1320
1324
1327
1330
1335
1338
1340
1348
1350
1353
1354
1355
1360
1367
1368
1369
1370
1373
1374
1375
1377
1378
1383
1384
1385
1387
1390
1398
1400
1403
1409
1413
1414
1415
1418
1426
1429
1432
1434
1437
1438
1444
1452
1455
1465
1467
1471
1472
1473
1474
1479
1481
1484
1486
1488
1494
1501
1503
1504
1511
1512
1514
1517
1519
1520
1521
1525
1526
1528
1533
1537
1538
1543
1545
1548
1551
1555
1556
1557
1558
1559
1560
1562
1564
1569
1571
1572
1575
1577
1579
1580
1585
1586
1588
1589
1593
1595
1598
1599
1602
1603
1604
1607
1609
1613
1615
1616
1617
1619
1620
1624
1625
1626
1628
1635
1636
1638
1639
1641
1644
1650
1651
1652
1653
1655
1661
1662
1663
1666
1667
1669
1671
1672
1673
1683
1685
1686
1691
1692
1693
1694
1701
1704
1705
1708
1709
1710
1711
1712
1713
1716
1723
1724
1725
1726
1732
1736
1738
1742
1745
1747
1751
1753
1754
1755
1756
1758
1761
1762
1763
1766
1767
1768
1769
1771
1772
1776
1778
1781
1784
1786
1795
1800
1801
1802
1804
1805
1807
1809
1814
1815
1822
1823
1829
1830
1838
1839
1841
1843
1853
1856
1861
1862
1863
1864
1865
1866
1867
1868
1872
1873
1874
1875
1878
1881
1882
1883
1886
1887
1890
1891
1892
1895
1900
1901
1907
1908
1909
1910
1914
1918
1921
1922
1923
1925
1928
1932
1936
1938
1942
1944
1945
1946
1949
1951
1954
1961
1962
1966
1968
1971
1977
1979
1981
1983
1984
1992
1993
1996
1999
2001
2002
2005
2007
2009
2010
2011
2012
2018
2019
2021
2024
2029
2033
2036
2037
2039
2043
2046
2054
2063
2065
2066
2068
2070
2071
2075
2078
2079
2085
2086
2087
2092
2094
2095
2097
2100
2102
2105
2106
2107
2108
2109
2110
2118
2119
2120
2126
2127
2133
2138
2139
2141
2142
2146
2148
2152
2154
2157
2159
2162
2164
2171
2173
2174
2176
2177
2186
2188
2194
2196
2199
2203
2207
2210
2212
2213
2214
2215
2217
2221
2227
2228
2233
2234
2240
2242
2244
2246
2248
2252
2256
2257
2264
2268
2269
2272
2277
2280
2283
2289
2290
2292
2293
2299
2302
2304
2307
2310
2318
2319
2321
2324
2325
2326
2330
2332
2333
2335
2337
2345
2352
2353
2354
2358
2364
2368
2373
2379
2381
2385
2390
2391
2395
2400
2403
2404
2408
2415
2419
2423
2428
2430
2432
2433
2439
2440
2443
2444
2445
2452
2453
2456
2457
2458
2464
2468
2470
2473
2474
2475
2477
2478
2480
2485
2487
2488
2494
2499
2504
2508
2513
2515
2518
2520
2524
2526
2533
2538
2539
2541
2546
2548
2553
2555
2557
2564
2565
2567
2569
2572
2574
2578
2580
2582
2584
2586
2587
2589
2590
2592
2593
2598
2600
2601
2602
2605
2613
2617
2622
2626
2627
2628
2632
2633
2638
2639
2640
2646
2653
2654
2657
2658
2659
2660
2663
2666
2675
2677
2679
2688
2692
2701
2702
2703
2709
2714
2721
2724
2727
2738
2739
2740
2746
2751
2759
2761
2762
2765
2767
2770
2777
2778
2788
2790
2792
2793
2801
2803
2808
2809
2811
2812
2814
2819
2821
2822
2828
2829
2830
2835
2839
2842
2844
2849
2853
2856
2859
2866
2867
2872
2880
2882
2892
2897
2899
2907
2910
2913
2915
2918
2923
2927
2929
2931
2936
2938
2940
2943
2945
2951
2957
2958
2960
2965
2966
2971
2972
2973
2977
2978
2980
2986
2992
2994
2996
2997
3001
3002
3003
3006
3009
3010
3011
3013
3018
3021
3024
3026
3028
3029
3030
3037
3043
3052
3053
3055
3057
3058
3059
3070
3074
3075
3076
3078
3082
3085
3086
3087
3090
3092
3096
3097
3098
3099
3100
3101
3102
3103
3106
3111
3114
3116
3117
3119
3129
3132
3135
3136
3137
3138
3139
3144
3145
3149
3151
3153
3154
3155
3158
3161
3165
3166
3181
3185
3186
3188
3193
3197
3203
3204
3205
3209
3219
3223
3228
3234
3238
3243
3245
3246
3248
3251
3255
3256
3258
3261
3263
3265
3266
3267
3271
3272
3273
3275
3277
3282
3284
3285
3287
3291
3296
3298
3309
3310
3315
3318
3319
3322
3326
3331
3337
3338
3343
3346
3350
3353
3359
3366
3371
3372
3373
3375
3385
3386
3387
3388
3394
3395
3397
3400
3401
3405
3408
3409
3412
3413
3414
3415
3417
3420
3424
3425
3430
3433
3434
3435
3437
3438
3439
3444
3445
3449
3451
3455
3467
3468
3469
3470
3473
3474
3479
3480
3481
3485
3493
3497
3501
3504
3506
3507
3508
3511
3513
3515
3516
3527
3530
3531
3532
3538
3546
3547
3550
3551
3554
3555
3558
3560
3564
3569
3576
3581
3584
3586
3587
3588
3591
3593
3596
3599
3601
3605
3606
3612
3614
3616
3617
3618
3619
3620
3622
3625
3629
3630
3632
3634
3636
3637
3638
3639
3640
3649
3651
3652
3653
3656
3659
3664
3671
3672
3673
3677
3679
3680
3683
3685
3686
3688
3689
3690
3693
3694
3696
3698
3699
3700
3701
3707
3712
3714
3716
3718
3719
3720
3723
3724
3725
3727
3728
3729
3731
3734
3736
3740
3742
3749
3751
3756
3761
3767
3770
3772
3773
3777
3778
3780
3787
3790
3795
3802
3807
3818
3821
3822
3824
3825
3831
3832
3836
3838
3843
3847
3851
3852
3855
3858
3859
3861
3864
3865
3866
3869
3873
3875
3877
3879
3884
3891
3898
3902
3905
3906
3909
3912
3916
3917
3918
3919
3923
3924
3925
3928
3931
3933
3935
3938
3939
3940
3942
3943
3949
3951
3952
3955
3958
3961
3962
3963
3968
3969
3974
3976
3983
3987
3988
3992
3993
4003
4005
4012
4021
4023
4028
4035
4037
4040
4041
4044
4047
4049
4051
4052
4053
4059
4060
4064
4066
4070
4072
4074
4075
4076
4077
4082
4086
4087
4098
4100
4101
4106
4114
4115
4118
4120
4122
4125
4130
4133
4136
4142
4145
4150
4151
4152
4153
4155
4157
4159
4164
4165
4166
4167
4171
4172
4173
4175
4184
4190
4196
4202
4206
4215
4217
4219
4239
4240
4248
4249
4250
4251
4253
4254
4259
4264
4268
4271
4275
4277
4278
4281
4283
4284
4286
4292
4296
4297
4298
4300
4303
4304
4313
4316
4320
4323
4333
4334
4336
4337
4338
4342
4345
4350
4362
4363
4364
4365
4366
4367
4370
4376
4377
4381
4383
4384
4385
4387
4389
4398
4402
4404
4405
4410
4417
4418
4419
4420
4423
4424
4425
4429
4430
4432
4436
4443
4447
4453
4456
4459
4460
4462
4468
4471
4475
4477
4487
4490
4491
4492
4499
4500
4506
4507
4515
4517
4520
4521
4522
4524
4525
4532
4536
4537
4539
4540
4543
4546
4547
4548
4553
4555
4561
4563
4572
4574
4575
4577
4578
4579
4581
4585
4586
4588
4589
4596
4598
4599
4600
4601
4602
4604
4605
4607
4608
4616
4622
4623
4624
4625
4627
4628
4629
4631
4633
4638
4639
4643
4645
4648
4650
4651
4653
4655
4657
4659
4660
4663
4665
4668
4670
4672
4681
4682
4688
4690
4692
4693
4697
4700
4701
4703
4704
4705
4707
4708
4710
4713
4714
4715
4720
4721
4725
4732
4736
4737
4741
4746
4749
4752
4753
4754
4764
4769
4770
4771
4776
4780
4783
4784
4785
4788
4790
4795
4796
4799
4802
4803
4805
4807
4809
4810
4816
4830
4833
4841
4844
4846
4848
4852
4856
4859
4862
4864
4874
4876
4881
4882
4884
4895
4896
4901
4902
4907
4911
4915
4918
4923
4925
4926
4933
4935
4937
4941
4945
4947
4951
4954
4955
4956
4957
4959
4960
4962
4968
4975
4977
4979
4983
4984
4985
4988
4990
5000
5001
5007
5017
5020
5022
5023
5025
5026
5028
5036
5037
5041
5042
5045
5046
5048
5050
5051
5053
5055
5058
5060
5067
5068
5071
5074
5076
5083
5084
5091
5092
5094
5099
5101
5102
5106
5107
5108
5109
5111
5112
5114
5115
5118
5122
5130
5131
5132
5134
5136
5140
5141
5142
5143
5144
5148
5149
5150
5151
5153
5167
5169
5173
5178
5179
5180
5184
5189
5192
5193
5198
5199
5212
5214
5221
5222
5231
5234
5235
5246
5247
5250
5251
5252
5253
5258
5261
5269
5275
5276
5277
5281
5282
5284
5286
5289
5292
5293
5294
5295
5296
5299
5304
5308
5309
5311
5313
5320
5322
5332
5336
5337
5339
5341
5342
5343
5345
5346
5348
5352
5353
5354
5355
5356
5359
5364
5372
5374
5378
5386
5390
5396
5398
5399
5403
5415
5418
5420
5421
5424
5427
5429
5432
5434
5439
5449
5450
5452
5453
5454
5455
5458
5465
5467
5468
5475
5478
5482
5486
5487
5496
5499
5500
5501
5505
5506
5507
5508
5510
5512
5514
5516
5520
5524
5525
5528
5529
5535
5536
5538
5541
5545
5548
5558
5559
5560
5565
5568
5570
5574
5578
5580
5586
5590
5595
5597
5602
5609
5610
5622
5623
5624
5626
5628
5629
5631
5633
5635
5636
5649
5652
5659
5660
5663
5664
5673
5675
5677
5678
5681
5683
5686
5689
5692
5694
5696
5697
5702
5703
5709
5712
5713
5718
5724
5732
5734
5737
5739
5740
5744
5746
5748
5752
5753
5754
5756
5762
5765
5774
5782
5783
5786
5789
5792
5793
5799
5804
5809
5813
5814
5817
5820
5822
5823
5825
5827
5828
5833
5837
5838
5839
5840
5841
5853
5855
5856
5857
5861
5864
5865
5866
5868
5871
5877
5881
5882
5883
5884
5886
5888
5891
5892
5895
5897
5898
5904
5905
5906
5910
5914
5916
5918
5924
5927
5929
5930
5932
5933
5935
5942
5943
5945
5946
5950
5951
5960
5961
5963
5965
5966
5967
5970
5974
5975
5977
5979
5981
5982
5985
5988
5992
5994
5996
5997
5999
6007
6009
6010
6013
6017
6020
6025
6026
6027
6030
6032
6035
6036
6037
6042
6046
6049
6062
6063
6064
6065
6066
6073
6075
6078
6079
6083
6092
6093
6095
6096
6097
6098
6099
6101
6104
6107
6111
6115
6116
6118
6123
6124
6125
6127
6130
6131
6132
6133
6134
6136
6139
6140
6141
6144
6148
6149
6151
6152
6154
6156
6158
6159
6164
6168
6169
6173
6175
6176
6187
6189
6194
6200
6203
6204
6206
6208
6209
6210
6216
6217
6218
6219
6228
6229
6242
6247
6248
6249
6250
6252
6260
6262
6265
6266
6267
6271
6281
6285
6288
6300
6304
6309
6312
6323
6329
6331
6343
6344
6349
6350
6353
6361
6367
6368
6370
6372
6373
6382
6388
6389
6390
6391
6392
6395
6402
6404
6410
6418
6419
6421
6426
6427
6428
6429
6431
6447
6450
6456
6460
6465
6466
6467
6468
6469
6470
6479
6480
6490
6494
6496
6497
6500
6509
6517
6523
6526
6530
6535
6537
6540
6541
6543
6548
6549
6555
6558
6565
6566
6568
6573
6577
6578
6580
6587
6589
6593
6594
6596
6597
6602
6604
6605
6606
6608
6614
6617
6619
6622
6623
6625
6628
6630
6631
6640
6641
6643
6645
6647
6648
6650
6659
6660
6666
6669
6674
6675
6678
6682
6684
6685
6686
6687
6689
6691
6695
6699
6703
6706
6708
6710
6714
6716
6721
6723
6724
6727
6728
6730
6732
6736
6739
6745
6746
6754
6757
6758
6760
6764
6771
6773
6774
6775
6776
6777
6779
6781
6785
6786
6791
6795
6798
6802
6806
6809
6812
6817
6818
6823
6825
6829
6831
6833
6834
6838
6843
6849
6850
6851
6855
6856
6858
6860
6862
6863
6866
6868
6872
6883
6884
6886
6892
6894
6897
6898
6899
6902
6907
6908
6910
6913
6916
6918
6920
6928
6930
6932
6933
6936
6937
6943
6945
6952
6953
6955
6956
6957
6972
6974
6975
6983
6985
6990
6992
6995
6996
6998
6999
7002
7007
7016
7020
7027
7031
7035
7040
7044
7046
7051
7053
7054
7055
7057
7058
7073
7076
7077
7080
7082
7085
7092
7094
7096
7098
7099
7100
7105
7108
7109
7112
7113
7117
7120
7125
7132
7133
7143
7145
7149
7166
7167
7171
7172
7174
7183
7184
7186
7187
7189
7194
7196
7200
7204
7205
7206
7208
7210
7211
7212
7215
7218
7219
7220
7221
7228
7230
7231
7232
7235
7237
7239
7251
7252
7261
7264
7266
7268
7277
7281
7285
7286
7287
7289
7290
7293
7296
7297
7299
7301
7303
7308
7319
7321
7333
7335
7338
7342
7343
7346
7348
7349
7353
7359
7360
7361
7362
7363
7364
7369
7370
7374
7376
7382
7384
7387
7388
7390
7391
7393
7401
7402
7403
7404
7406
7407
7412
7414
7419
7422
7423
7424
7427
7430
7433
7437
7439
7444
7449
7457
7459
7460
7461
7463
7470
7472
7474
7475
7476
7478
7480
7482
7483
7484
7485
7489
7492
7498
7515
7516
7523
7526
7533
7538
7548
7550
7560
7566
7568
7570
7571
7574
7577
7589
7590
7594
7602
7604
7605
7607
7608
7610
7612
7613
7621
7622
7625
7627
7629
7632
7641
7645
7647
7649
7651
7652
7655
7656
7658
7661
7666
7667
7669
7671
7680
7681
7683
7686
7687
7689
7693
7696
7699
7701
7705
7710
7712
7716
7718
7723
7724
7727
7732
7739
7741
7748
7750
7753
7755
7766
7767
7770
7773
7777
7783
7784
7785
7786
7789
7792
7793
7802
7803
7804
7809
7812
7815
7818
7821
7827
7828
7830
7844
7846
7851
7854
7856
7858
7859
7861
7870
7874
7875
7876
7877
7886
7890
7893
7894
7895
7896
7903
7905
7906
7909
7915
7917
7918
7919
7921
7922
7927
7928
7930
7934
7939
7940
7942
7946
7948
7949
7952
7953
7964
7967
7969
7976
7978
7983
7989
7991
7998
8003
8005
8006
8010
8011
8012
8014
8017
8019
8020
8021
8022
8028
8033
8034
8036
8037
8039
8040
8046
8047
8049
8053
8057
8058
8059
8063
8065
8075
8078
8081
8082
8084
8085
8086
8088
8089
8091
8097
8099
8101
8104
8105
8106
8112
8114
8116
8117
8120
8122
8130
8136
8138
8139
8145
8150
8151
8153
8154
8161
8169
8172
8175
8177
8178
8181
8182
8184
8188
8192
8193
8195
8197
8200
8202
8204
8205
8206
8207
8214
8216
8217
8219
8225
8229
8231
8235
8236
8237
8240
8241
8243
8244
8246
8250
8251
8252
8253
8256
8257
8258
8259
8266
8267
8268
8272
8275
8278
8281
8290
8292
8297
8299
8302
8306
8310
8320
8322
8328
8331
8336
8338
8339
8341
8343
8345
8348
8358
8361
8363
8380
8383
8384
8385
8389
8390
8397
8401
8402
8403
8405
8406
8408
8413
8419
8420
8431
8440
8443
8444
8447
8454
8455
8462
8465
8469
8472
8474
8477
8478
8481
8485
8487
8488
8490
8491
8492
8493
8495
8499
8501
8506
8508
8514
8518
8521
8523
8529
8531
8534
8535
8536
8537
8542
8545
8548
8556
8562
8563
8565
8570
8582
8583
8586
8591
8598
8599
8605
8609
8610
8611
8615
8616
8618
8620
8623
8625
8627
8634
8639
8641
8643
8645
8646
8647
8650
8651
8652
8657
8658
8663
8664
8665
8669
8674
8678
8681
8684
8689
8691
8700
8702
8703
8705
8707
8718
8719
8720
8722
8723
8724
8725
8734
8737
8738
8740
8747
8749
8758
8759
8763
8765
8766
8767
8768
8769
8770
8773
8774
8777
8778
8781
8789
8794
8798
8800
8802
8807
8808
8810
8811
8814
8816
8824
8825
8827
8830
8833
8837
8839
8842
8847
8849
8850
8851
8852
8862
8870
8873
8878
8880
8884
8887
8888
8899
8902
8912
8915
8916
8919
8920
8924
8926
8929
8930
8932
8934
8936
8937
8938
8941
8946
8947
8958
8959
8960
8967
8969
8971
8974
8975
8976
8977
8978
8980
8983
8992
8993
8994
8997
9001
9008
9011
9012
9015
9017
9018
9019
9021
9022
9039
9044
9045
9047
9048
9050
9052
9055
9057
9058
9061
9066
9082
9083
9084
9086
9090
9097
9104
9107
9109
9111
9112
9115
9116
9127
9129
9131
9132
9134
9136
9146
9151
9152
9155
9159
9169
9170
9171
9174
9175
9181
9185
9192
9194
9196
9197
9201
9202
9204
9205
9208
9209
9210
9211
9213
9215
9218
9220
9222
9223
9228
9238
9241
9242
9243
9245
9248
9249
9250
9252
9253
9256
9258
9259
9267
9270
9273
9275
9277
9279
9280
9282
9286
9287
9289
9294
9302
9303
9304
9306
9309
9311
9313
9314
9315
9320
9324
9327
9331
9332
9334
9337
9343
9350
9351
9354
9356
9358
9364
9366
9368
9370
9371
9373
9377
9378
9380
9381
9389
9394
9395
9397
9399
9400
9405
9406
9407
9412
9413
9416
9417
9418
9419
9421
9424
9427
9432
9435
9438
9448
9451
9452
9458
9459
9461
9462
9467
9471
9472
9476
9479
9480
9481
9488
9492
9493
9500
9502
9506
9510
9512
9518
9519
9520
9528
9530
9535
9536
9537
9538
9540
9542
9544
9548
9558
9562
9566
9574
9577
9578
9582
9584
9585
9586
9590
9592
9595
9597
9599
9603
9604
9607
9609
9618
9620
9623
9626
9632
9635
9639
9650
9653
9655
9659
9662
9663
9674
9675
9677
9679
9682
9687
9690
9692
9697
9700
9701
9702
9703
9704
9706
9721
9726
9736
9747
9751
9756
9758
9759
9760
9763
9764
9773
9778
9787
9788
9791
9792
9794
9797
9799
9802
9810
9814
9819
9820
9826
9827
9831
9832
9837
9840
9842
9843
9844
9846
9847
9852
9859
9863
9865
9869
9873
9877
9880
9894
9901
9902
9903
9912
9915
9924
9926
9931
9936
9938
9939
9941
9943
9947
9957
9962
9964
9965
9970
9973
9976
9980
9987
9988
10000
10001
10005
10007
10012
10016
10017
10018
10019
10021
10022
10023
10027
10029
10032
10033
10038
10043
10055
10056
10065
10074
10075
10078
10080
10083
10084
10089
10094
10095
10096
10106
10108
10109
10113
10115
10120
10122
10129
10131
10133
10134
10137
10142
10148
10150
10158
10159
10164
10165
10166
10167
10171
10176
10180
10181
10182
10183
10192
10194
10197
10199
10200
10202
10203
10207
10209
10212
10213
10216
10224
10225
10227
10232
10236
10240
10241
10246
10248
10255
10263
10264
10268
10277
10290
10296
10303
10304
10306
10309
10311
10313
10314
10317
10318
10319
10321
10327
10329
10335
10341
10345
10347
10350
10351
10352
10353
10356
10358
10359
10360
10361
10375
10381
10382
10384
10385
10387
10393
10403
10404
10407
10408
10413
10417
10419
10420
10423
10426
10431
10435
10436
10437
10438
10439
10440
10443
10444
10446
10447
10450
10451
10454
10456
10457
10461
10465
10474
10475
10476
10481
10489
10492
10495
10496
10500
10502
10503
10506
10507
10509
10510
10511
10515
10517
10525
10526
10534
10535
10540
10543
10551
10555
10559
10567
10574
10577
10579
10582
10589
10592
10593
10595
10597
10600
10602
10604
10609
10613
10614
10615
10619
10622
10625
10626
10627
10632
10633
10638
10639
10645
10663
10664
10665
10679
10685
10686
10688
10689
10695
10703
10704
10708
10709
10710
10713
10715
10722
10723
10724
10725
10728
10729
10743
10744
10746
10747
10755
10760
10762
10763
10774
10779
10780
10784
10785
10792
10793
10795
10797
10798
10800
10803
10804
10805
10806
10811
10814
10818
10821
10822
10823
10824
10827
10828
10830
10832
10835
10836
10846
10848
10849
10851
10852
10861
10864
10874
10875
10876
10880
10881
10882
10884
10887
10892
10896
10902
10910
10912
10913
10923
10924
10925
10927
10929
10932
10933
10937
10939
10940
10941
10944
10946
10948
10949
10954
10955
10960
10970
10971
10976
10984
10987
10989
10992
10993
11000
11007
11008
11010
11014
11015
11017
11021
11023
11028
11029
11032
11034
11036
11042
11047
11050
11052
11058
11063
11065
11066
11069
11071
11072
11074
11077
11079
11082
11085
11087
11089
11101
11102
11107
11108
11112
11115
11118
11119
11120
11123
11124
11134
11137
11138
11150
11152
11154
11157
11161
11162
11168
11169
11170
11183
11185
11188
11190
11191
11195
11197
11198
11203
11204
11205
11208
11211
11214
11216
11218
11219
11220
11221
11222
11226
11227
11228
11231
11235
11236
11239
11241
11243
11250
11253
11255
11257
11258
11263
11264
11270
11272
11274
11275
11276
11279
11285
11292
11298
11300
11303
11307
11308
11313
11316
11318
11320
11322
11323
11326
11327
11329
11334
11338
11342
11349
11351
11354
11356
11358
11359
11360
11362
11363
11364
11367
11368
11378
11383
11394
11396
11397
11398
11399
11407
11411
11412
11413
11414
11416
11420
11422
11423
11432
11435
11436
11437
11440
11442
11443
11444
11446
11447
11448
11453
11454
11455
11459
11461
11462
11463
11464
11468
11469
11471
11472
11477
11479
11488
11489
11491
11492
11497
11498
11500
11501
11502
11503
11504
11509
11516
11519
11521
11524
11528
11529
11533
11535
11536
11537
11538
11539
11542
11543
11544
11546
11547
11550
11552
11555
11561
11563
11564
11566
11568
11573
11577
11578
11582
11588
11590
11601
11604
11608
11611
11612
11616
11622
11624
11627
11630
11632
11633
11635
11641
11645
11646
11649
11651
11653
11656
11662
11663
11665
11670
11673
11679
11680
11685
11686
11689
11691
11692
11694
11696
11697
11698
11702
11704
11706
11708
11714
11720
11721
11722
11727
11728
11729
11730
11733
11742
11743
11744
11746
11752
11754
11755
11756
11758
11764
11766
11767
11769
11776
11781
11782
11783
11785
11787
11788
11789
11790
11796
11797
11798
11800
11801
11805
11807
11810
11811
11816
11818
11820
11828
11831
11833
11842
11844
11849
11852
11855
11857
11858
11863
11864
11866
11871
11874
11876
11880
11881
11883
11886
11889
11890
11896
11899
11909
11910
11911
11912
11913
11914
11919
11922
11926
11930
11931
11934
11935
11936
11938
11941
11943
11946
11948
11959
11960
11966
11969
11972
11976
11977
11986
11988
11996
12002
12010
12019
12024
12027
12031
12037
12040
12042
12047
12048
12055
12056
12059
12060
12066
12070
12073
12074
12076
12077
12078
12084
12085
12086
12093
12099
12100
12105
12108
12111
12113
12118
12119
12121
12131
12134
12142
12144
12146
12147
12148
12152
12158
12159
12163
12164
12167
12168
12179
12180
12183
12193
12194
12199
12207
12211
12212
12218
12225
12229
12230
12236
12239
12241
12243
12244
12245
12247
12249
12254
12259
12261
12262
12263
12268
12269
12273
12276
12283
12284
12285
12286
12290
12293
12294
12302
12303
12307
12310
12313
12316
12317
12318
12320
12322
12323
12325
12332
12333
12336
12337
12338
12342
12344
12347
12348
12349
12350
12351
12355
12361
12369
12372
12378
12381
12382
12391
12392
12393
12399
12400
12411
12415
12421
12422
12429
12430
12431
12432
12437
12438
12440
12445
12446
12448
12459
12460
12461
12462
12466
12468
12471
12475
12476
12483
12484
12485
12488
12490
12491
12494
12495
12496
12504
12505
12506
12507
12514
12518
12520
12522
12523
12524
12527
12528
12531
12537
12540
12541
12543
12544
12545
12554
12555
12556
12560
12561
12562
12566
12567
12570
12573
12577
12585
12590
12592
12597
12599
12600
12605
12610
12616
12617
12621
12623
12624
12627
12631
12637
12643
12650
12652
12653
12654
12655
12657
12659
12663
12664
12665
12670
12672
12673
12676
12677
12678
12683
12686
12687
12694
12695
12696
12698
12699
12701
12702
12705
12706
12707
12708
12713
12716
12721
12723
12725
12727
12729
12730
12731
12732
12733
12735
12736
12738
12740
12741
12745
12747
12761
12762
12764
12770
12772
12773
12775
12777
12782
12784
12786
12788
12789
12790
12791
12792
12793
12794
12796
12798
12803
12804
12805
12809
12813
12816
12820
12822
12825
12826
12831
12837
12849
12864
12871
12875
12876
12877
12880
12882
12886
12887
12890
12891
12892
12893
12895
12897
12899
12900
12901
12902
12906
12910
12913
12919
12920
12922
12924
12927
12928
12929
12933
12934
12936
12939
12940
12941
12943
12946
12948
12951
12952
12953
12956
12957
12958
12964
12969
12970
12976
12977
12982
12984
12985
12987
12988
12989
12990
12992
12997
12998
12999
13000
13002
13003
13004
13005
13016
13017
13019
13022
13024
13025
13033
13034
13035
13037
13040
13043
13044
13048
13054
13056
13057
13058
13064
13065
13067
13068
13070
13072
13073
13077
13078
13082
13091
13092
13093
13094
13097
13100
13105
13110
13111
13112
13115
13117
13121
13126
13131
13134
13136
13137
13140
13147
13148
13149
13150
13156
13157
13161
13163
13167
13170
13172
13173
13177
13178
13181
13184
13186
13187
13188
13193
13200
13201
13202
13203
13205
13209
13214
13215
13218
13220
13223
13224
13226
13228
13229
13230
13231
13232
13236
13238
13240
13245
13247
13249
13250
13253
13254
13256
13257
13259
13260
13262
13263
13264
13265
13271
13273
13274
13276
13280
13285
13286
13289
13292
13294
13297
13298
13302
13306
13308
13310
13317
13318
13320
13324
13326
13327
13328
13329
13334
13336
13340
13342
13348
13350
13353
13355
13358
13360
13361
13362
13365
13368
13373
13377
13378
13384
13385
13391
13392
13393
13400
13402
13405
13408
13409
13415
13417
13435
13438
13439
13441
13443
13447
13448
13449
13452
13453
13455
13456
13461
13462
13465
13471
13476
13477
13480
13482
13483
13485
13487
13491
13500
13501
13506
13507
13515
13519
13528
13534
13538
13540
13541
13542
13544
13546
13550
13557
13558
13559
13560
13562
13563
13564
13566
13568
13569
13572
13577
13579
13584
13587
13588
13591
13593
13595
13596
13600
13605
13607
13611
13614
13616
13617
13618
13622
13625
13627
13634
13635
13636
13645
13647
13650
13654
13658
13659
13661
13662
13664
13666
13667
13673
13685
13689
13690
13693
13695
13700
13704
13709
13715
13724
13729
13730
13731
13733
13734
13737
13738
13739
13741
13743
13744
13745
13748
13749
13755
13756
13765
13766
13769
13773
13776
13779
13782
13784
13790
13792
13794
13803
13805
13811
13812
13813
13814
13817
13818
13820
13831
13834
13842
13845
13851
13853
13860
13866
13869
13870
13875
13876
13880
13883
13885
13886
13889
13890
13891
13896
13899
13902
13903
13906
13908
13913
13918
13925
13926
13928
13929
13933
13935
13936
13937
13940
13947
13949
13951
13955
13956
13958
13959
13968
13974
13975
13986
13989
13991
13995
13999
14001
14002
14003
14004
14005
14006
14008
14011
14012
14021
14023
14024
14025
14026
14032
14033
14034
14035
14037
14040
14042
14045
14046
14047
14051
14052
14054
14055
14064
14066
14076
14078
14082
14085
14090
14093
14095
14097
14109
14119
14120
14123
14125
14127
14130
14131
14138
14139
14143
14147
14149
14151
14153
14156
14157
14160
14161
14163
14164
14167
14168
14170
14171
14174
14180
14182
14183
14186
14191
14193
14194
14195
14199
14200
14201
14202
14204
14205
14211
14213
14217
14220
14223
14225
14227
14232
14234
14236
14244
14245
14246
14247
14249
14260
14265
14277
14279
14280
14281
14283
14293
14294
14295
14296
14306
14318
14319
14321
14322
14324
14325
14327
14334
14336
14339
14344
14345
14346
14348
14354
14356
14358
14361
14365
14370
14371
14380
14382
14383
14384
14386
14390
14397
14401
14402
14403
14405
14409
14414
14416
14419
14422
14426
14429
14430
14431
14434
14435
14436
14437
14438
14439
14445
14448
14454
14457
14458
14460
14463
14464
14467
14469
14472
14475
14476
14479
14480
14482
14488
14489
14491
14493
14505
14506
14514
14515
14517
14518
14520
14521
14523
14524
14525
14528
14531
14532
14533
14536
14538
14540
14541
14544
14556
14561
14563
14566
14567
14569
14571
14579
14580
14584
14591
14599
14601
14602
14603
14606
14607
14608
14612
14613
14614
14615
14617
14621
14627
14629
14632
14635
14641
14649
14653
14654
14655
14657
14660
14661
14668
14670
14674
14675
14680
14683
14688
14695
14696
14697
14711
14712
14714
14715
14717
14721
14725
14726
14729
14731
14733
14734
14735
14739
14742
14743
14744
14745
14746
14748
14750
14751
14754
14755
14756
14757
14758
14759
14760
14764
14772
14777
14778
14782
14785
14789
14790
14795
14800
14802
14803
14804
14807
14809
14810
14814
14815
14816
14821
14823
14826
14827
14828
14831
14839
14845
14847
14849
14855
14857
14858
14859
14860
14864
14867
14871
14874
14879
14886
14891
14892
14894
14895
14899
14900
14903
14910
14912
14914
14915
14917
14919
14920
14922
14924
14933
14935
14936
14938
14941
14943
14944
14947
14948
14950
14953
14956
14957
14961
14970
14971
14973
14977
14978
14979
14983
14984
14988
14992
14994
14997
15004
15007
15009
15011
15013
15014
15023
15024
15026
15027
15028
15030
15034
15035
15038
15045
15047
15048
15050
15054
15055
15059
15063
15064
15068
15070
15071
15072
15073
15075
15077
15079
15081
15083
15088
15089
15090
15092
15094
15095
15097
15098
15100
15103
15105
15110
15112
15114
15117
15121
15123
15125
15128
15130
15131
15132
15138
15145
15147
15158
15159
15162
15163
15164
15173
15178
15180
15181
15190
15195
15202
15204
15205
15212
15213
15217
15218
15219
15220
15221
15222
15224
15228
15229
15232
15234
15236
15239
15242
15243
15246
15248
15253
15257
15259
15261
15262
15264
15271
15275
15277
15278
15284
15286
15290
15295
15297
15298
15307
15308
15315
15317
15318
15324
15325
15329
15330
15331
15332
15340
15343
15354
15358
15362
15366
15367
15369
15370
15372
15377
15382
15387
15388
15392
15393
15394
15395
15398
15399
15403
15404
15407
15410
15411
15412
15414
15416
15419
15421
15425
15426
15433
15434
15437
15440
15441
15444
15445
15449
15455
15456
15457
15459
15465
15466
15469
15470
15471
15475
15477
15478
15482
15485
15486
15489
15499
15502
15503
15512
15513
15514
15519
15521
15524
15526
15531
15542
15544
15548
15552
15554
15556
15571
15574
15575
15582
15583
15587
15592
15593
15597
15598
15599
15604
15605
15606
15613
15615
15625
15631
15634
15641
15644
15645
15646
15648
15651
15653
15654
15655
15657
15660
15664
15665
15666
15667
15672
15674
15676
15677
15679
15682
15684
15687
15688
15689
15691
15696
15697
15705
15713
15715
15718
15725
15730
15732
15741
15742
15743
15745
15748
15750
15758
15761
15763
15765
15766
15773
15774
15776
15777
15778
15779
15780
15786
15794
15796
15797
15798
15807
15808
15809
15815
15816
15818
15819
15820
15824
15829
15830
15834
15835
15844
15845
15852
15857
15858
15861
15863
15864
15865
15870
15872
15873
15875
15878
15879
15882
15885
15886
15887
15890
15892
15896
15897
15899
15901
15903
15904
15905
15906
15908
15912
15913
15914
15915
15916
15921
15923
15924
15925
15928
15934
15938
15940
15941
15944
15949
15951
15953
15957
15963
15965
15968
15978
15980
15983
15999
16000
16001
16003
16006
16009
16011
16012
16016
16023
16026
16029
16032
16033
16045
16052
16054
16056
16057
16058
16059
16060
16062
16063
16065
16067
16071
16073
16074
16083
16085
16087
16093
16095
16098
16102
16103
16105
16106
16111
16114
16117
16122
16129
16131
16136
16140
16147
16149
16150
16151
16160
16161
16162
16163
16167
16171
16173
16174
16175
16181
16182
16185
16189
16192
16195
16198
16199
16200
16205
16206
16207
16212
16213
16218
16221
16222
16224
16226
16234
16241
16251
16252
16256
16262
16263
16264
16265
16268
16269
16273
16275
16278
16282
16283
16285
16289
16294
16300
16303
16305
16307
16308
16309
16312
16318
16320
16339
16346
16348
16349
16352
16355
16362
16368
16369
16377
16382
16390
16395
16396
16401
16406
16407
16411
16414
16416
16417
16423
16426
16433
16439
16440
16445
16447
16448
16450
16456
16464
16466
16467
16472
16473
16475
16482
16488
16491
16492
16493
16494
16495
16502
16503
16505
16508
16511
16517
16519
16520
16524
16526
16532
16535
16537
16540
16546
16549
16552
16554
16555
16558
16562
16566
16572
16573
16578
16580
16581
16583
16590
16591
16592
16594
16596
16600
16601
16603
16604
16605
16606
16611
16615
16621
16623
16637
16638
16639
16641
16645
16648
16651
16653
16656
16660
16661
16662
16667
16670
16672
16674
16677
16680
16683
16686
16687
16690
16692
16698
16700
16701
16702
16703
16705
16708
16710
16712
16713
16717
16719
16720
16721
16724
16725
16728
16729
16732
16733
16734
16739
16740
16741
16743
16745
16746
16747
16752
16753
16759
16762
16764
16768
16770
16775
16778
16786
16790
16795
16796
16798
16799
16801
16802
16804
16806
16810
16811
16815
16816
16818
16819
16821
16822
16823
16824
16826
16832
16833
16834
16838
16842
16846
16856
16857
16859
16860
16867
16873
16874
16876
16878
16883
16884
16886
16888
16890
16893
16897
16899
16900
16903
16905
16907
16912
16917
16918
16921
16928
16930
16932
16934
16939
16941
16942
16946
16950
16952
16953
16957
16958
16959
16961
16962
16967
16970
16971
16972
16974
16977
16980
16985
16986
16989
16998
17000
17008
17010
17013
17022
17023
17027
17028
17029
17031
17032
17033
17034
17037
17043
17046
17047
17050
17051
17052
17054
17057
17058
17059
17062
17073
17077
17078
17080
17082
17085
17087
17089
17095
17096
17103
17104
17106
17107
17112
17117
17119
17121
17124
17126
17127
17130
17133
17134
17135
17136
17139
17142
17146
17150
17159
17165
17166
17167
17168
17172
17173
17176
17182
17183
17184
17185
17186
17195
17197
17201
17207
17210
17213
17217
17219
17221
17222
17223
17224
17225
17226
17228
17229
17231
17233
17236
17241
17242
17243
17244
17246
17247
17250
17258
17259
17261
17263
17269
17271
17273
17277
17278
17279
17281
17282
17285
17298
17299
17305
17311
17312
17314
17321
17325
17326
17329
17332
17333
17341
17344
17349
17350
17351
17353
17354
17366
17367
17377
17379
17386
17393
17395
17396
17397
17399
17402
17404
17405
17407
17408
17409
17411
17412
17416
17420
17422
17424
17429
17431
17434
17436
17438
17442
17443
17445
17447
17451
17453
17471
17472
17478
17480
17482
17485
17486
17488
17489
17490
17491
17494
17496
17497
17498
17503
17504
17506
17509
17510
17513
17519
17522
17525
17526
17529
17534
17536
17541
17546
17548
17562
17564
17565
17568
17576
17577
17579
17581
17583
17584
17587
17596
17602
17603
17605
17607
17608
17609
17612
17614
17619
17621
17628
17633
17640
17643
17644
17647
17648
17654
17657
17659
17660
17668
17669
17670
17671
17672
17682
17696
17699
17701
17702
17703
17704
17707
17709
17711
17715
17717
17719
17721
17725
17727
17732
17733
17737
17738
17742
17744
17746
17747
17749
17756
17764
17766
17773
17774
17776
17777
17780
17784
17790
17801
17803
17810
17811
17812
17813
17815
17817
17822
17823
17825
17829
17831
17835
17836
17838
17843
17847
17848
17850
17851
17852
17854
17856
17864
17865
17866
17867
17868
17872
17878
17881
17882
17885
17886
17891
17894
17898
17900
17903
17909
17911
17914
17920
17924
17928
17929
17932
17937
17947
17952
17954
17956
17967
17968
17971
17981
17983
17985
17986
17987
17988
17989
17992
17993
17996
17997
17998
18000
18002
18007
18010
18011
18029
18034
18038
18039
18040
18047
18048
18051
18052
18053
18058
18066
18068
18074
18075
18080
18081
18086
18087
18090
18092
18095
18096
18100
18101
18106
18107
18111
18112
18113
18118
18120
18122
18123
18129
18134
18137
18143
18145
18154
18157
18161
18162
18166
18167
18173
18176
18177
18180
18181
18182
18192
18198
18199
18206
18209
18214
18216
18222
18223
18224
18225
18226
18227
18228
18230
18231
18232
18233
18239
18240
18243
18244
18247
18250
18254
18256
18257
18259
18261
18262
18263
18265
18270
18272
18275
18279
18280
18281
18282
18283
18285
18290
18295
18299
18300
18311
18314
18320
18321
18326
18328
18333
18335
18338
18341
18345
18346
18348
18350
18354
18355
18356
18358
18359
18363
18364
18365
18366
18368
18373
18375
18380
18383
18386
18388
18390
18395
18396
18399
18404
18408
18409
18415
18416
18419
18420
18423
18424
18425
18426
18430
18431
18432
18444
18445
18447
18448
18449
18452
18453
18456
18457
18458
18460
18465
18470
18472
18474
18476
18477
18478
18485
18488
18489
18497
18500
18505
18508
18510
18511
18518
18519
18520
18524
18529
18531
18534
18535
18539
18540
18544
18548
18549
18551
18558
18563
18564
18566
18568
18573
18574
18575
18579
18583
18586
18587
18588
18595
18599
18603
18605
18606
18607
18608
18610
18612
18614
18617
18619
18620
18624
18626
18628
18629
18634
18636
18637
18644
18645
18646
18649
18652
18657
18662
18664
18665
18666
18667
18669
18677
18678
18679
18681
18683
18686
18688
18692
18693
18700
18703
18705
18709
18710
18714
18717
18727
18729
18732
18733
18739
18740
18742
18744
18745
18746
18749
18753
18754
18756
18757
18758
18763
18764
18765
18766
18771
18778
18782
18784
18785
18786
18790
18793
18794
18797
18798
18803
18804
18806
18807
18808
18809
18811
18814
18818
18819
18821
18822
18824
18825
18826
18829
18830
18831
18833
18834
18838
18839
18842
18850
18855
18857
18859
18862
18864
18869
18870
18871
18879
18880
18881
18884
18889
18891
18895
18899
18902
18906
18908
18910
18911
18914
18915
18918
18919
18921
18923
18927
18931
18932
18933
18941
18944
18947
18954
18967
18968
18969
18979
18981
18982
18997
19002
19003
19006
19007
19017
19019
19027
19036
19042
19045
19047
19048
19049
19050
19052
19053
19064
19069
19075
19086
19088
19091
19093
19096
19100
19101
19102
19106
19107
19109
19110
19111
19112
19115
19118
19121
19122
19124
19125
19127
19128
19131
19134
19136
19137
19138
19141
19142
19145
19146
19151
19155
19156
19157
19162
19163
19165
19170
19174
19178
19185
19189
19194
19195
19197
19204
19208
19210
19213
19214
19216
19220
19222
19226
19227
19229
19230
19231
19234
19236
19237
19242
19245
19246
19248
19249
19253
19257
19261
19263
19268
19271
19272
19275
19291
19292
19294
19295
19298
19301
19306
19308
19310
19311
19312
19313
19315
19317
19318
19319
19321
19325
19327
19331
19332
19341
19343
19344
19345
19350
19354
19355
19357
19366
19367
19373
19379
19380
19384
19387
19389
19390
19395
19396
19397
19398
19404
19405
19406
19409
19412
19416
19419
19421
19422
19426
19427
19429
19432
19439
19441
19442
19448
19450
19452
19466
19467
19472
19473
19475
19483
19497
19508
19509
19511
19515
19517
19522
19525
19540
19541
19547
19555
19560
19561
19562
19563
19565
19566
19567
19568
19581
19585
19588
19589
19592
19598
19603
19604
19610
19617
19621
19622
19627
19629
19634
19636
19641
19642
19645
19648
19649
19651
19652
19653
19654
19656
19658
19662
19667
19673
19678
19679
19681
19683
19687
19691
19693
19698
19699
19701
19703
19707
19710
19715
19719
19721
19724
19725
19726
19727
19739
19741
19742
19750
19751
19754
19755
19757
19759
19761
19764
19765
19767
19768
19770
19777
19778
19782
19785
19788
19791
19793
19795
19796
19797
19799
19800
19803
19806
19810
19812
19817
19819
19822
19823
19824
19826
19829
19836
19844
19845
19846
19847
19856
19858
19860
19864
19866
19867
19868
19871
19873
19875
19878
19879
19883
19884
19885
19886
19889
19890
19891
19900
19901
19905
19907
19909
19910
19915
19916
19919
19923
19929
19936
19937
19939
19940
19943
19945
19946
19947
19951
19953
19954
19960
19961
19962
19971
19975
19981
19989
19990
19991
19992
19996
19997
19999
20000
20002
20005
20007
20010
20015
20022
20024
20026
20029
20031
20035
20039
20041
20042
20043
20044
20047
20048
20055
20060
20061
20067
20068
20071
20072
20075
20076
20092
20093
20097
20102
20103
20108
20109
20111
20113
20114
20115
20117
20120
20122
20123
20124
20125
20127
20128
20129
20132
20134
20135
20136
20137
20139
20144
20146
20149
20154
20156
20157
20158
20160
20165
20166
20169
20175
20177
20178
20180
20183
20185
20194
20199
20200
20202
20208
20211
20213
20218
20219
20220
20224
20229
20232
20233
20234
20246
20252
20254
20261
20266
20268
20275
20276
20277
20279
20280
20283
20289
20293
20298
20299
20301
20302
20310
20313
20316
20317
20319
20324
20325
20329
20333
20335
20336
20337
20339
20340
20342
20344
20353
20354
20357
20360
20369
20370
20373
20374
20380
20385
20387
20393
20395
20396
20402
20409
20418
20419
20420
20439
20448
20453
20456
20461
20462
20468
20469
20472
20475
20480
20486
20491
20494
20497
20507
20512
20513
20515
20516
20518
20520
20526
20527
20532
20534
20542
20547
20550
20551
20553
20558
20560
20567
20569
20570
20572
20574
20575
20578
20580
20585
20587
20588
20595
20596
20598
20603
20604
20607
20608
20617
20619
20623
20624
20626
20632
20634
20638
20640
20642
20643
20648
20649
20651
20652
20656
20665
20666
20667
20673
20674
20676
20679
20686
20688
20690
20693
20694
20697
20703
20704
20707
20709
20711
20713
20714
20716
20719
20725
20726
20729
20735
20736
20737
20740
20742
20743
20756
20757
20758
20765
20768
20773
20775
20778
20779
20782
20783
20786
20802
20803
20807
20816
20824
20827
20828
20831
20833
20835
20837
20838
20840
20843
20847
20848
20849
20850
20851
20852
20853
20858
20859
20863
20867
20872
20875
20881
20882
20884
20886
20888
20889
20890
20897
20902
20904
20909
20915
20923
20929
20930
20935
20938
20940
20941
20947
20950
20952
20954
20957
20958
20959
20960
20961
20962
20967
20970
20976
20977
20980
20982
20986
20991
20992
20994
20996
20999
21002
21008
21009
21014
21016
21017
21023
21025
21026
21029
21031
21034
21035
21038
21041
21043
21044
21051
21053
21057
21064
21071
21073
21076
21078
21094
21096
21097
21102
21122
21127
21128
21132
21133
21147
21152
21153
21158
21160
21161
21165
21166
21169
21170
21177
21179
21181
21182
21186
21188
21189
21195
21217
21228
21242
21250
21253
21254
21260
21265
21271
21275
21276
21277
21280
21281
21284
21290
21294
21295
21297
21299
21301
21304
21307
21308
21309
21310
21312
21313
21316
21317
21318
21321
21326
21327
21329
21331
21332
21341
21346
21347
21349
21351
21353
21354
21356
21358
21361
21362
21364
21365
21368
21370
21371
21373
21380
21385
21387
21388
21391
21396
21402
21404
21405
21407
21410
21413
21414
21416
21422
21424
21430
21432
21433
21436
21439
21440
21441
21443
21444
21445
21447
21449
21452
21454
21457
21458
21461
21479
21481
21482
21483
21484
21485
21486
21494
21500
21502
21505
21507
21516
21520
21521
21525
21526
21528
21529
21541
21544
21545
21546
21556
21558
21559
21561
21563
21566
21567
21572
21573
21579
21584
21586
21587
21588
21596
21601
21602
21603
21616
21618
21624
21627
21633
21638
21654
21657
21661
21664
21668
21669
21670
21671
21674
21675
21676
21685
21686
21690
21693
21694
21695
21696
21700
21701
21702
21705
21714
21716
21723
21725
21726
21735
21736
21740
21747
21748
21750
21757
21765
21768
21772
21782
21784
21785
21790
21797
21798
21802
21803
21808
21811
21816
21822
21823
21828
21829
21834
21837
21839
21841
21842
21844
21853
21857
21858
21862
21870
21871
21873
21874
21879
21880
21885
21887
21898
21899
21901
21903
21905
21906
21909
21920
21921
21922
21926
21927
21929
21932
21934
21937
21941
21943
21945
21951
21955
21959
21964
21965
21969
21973
21976
21980
21982
21985
21991
21993
21997
22004
22011
22012
22014
22019
22020
22021
22022
22023
22024
22026
22028
22029
22030
22038
22039
22045
22047
22049
22051
22053
22058
22061
22062
22068
22077
22078
22081
22084
22087
22090
22094
22095
22099
22100
22106
22107
22109
22110
22111
22113
22116
22119
22120
22123
22125
22127
22128
22129
22135
22138
22141
22143
22155
22158
22162
22165
22166
22167
22168
22176
22177
22184
22185
22189
22190
22196
22199
22200
22201
22206
22208
22212
22217
22218
22222
22224
22227
22230
22234
22236
22249
22253
22256
22262
22263
22264
22267
22272
22273
22274
22275
22278
22279
22283
22293
22294
22298
22305
22312
22313
22318
22320
22321
22322
22323
22324
22329
22330
22338
22344
22345
22346
22352
22353
22356
22357
22359
22361
22363
22365
22373
22376
22378
22385
22397
22399
22402
22403
22406
22409
22413
22415
22416
22423
22424
22425
22431
22434
22440
22443
22444
22447
22448
22452
22456
22458
22460
22464
22467
22477
22478
22480
22481
22482
22483
22487
22489
22496
22500
22502
22505
22506
22518
22522
22523
22525
22527
22529
22530
22533
22536
22546
22547
22550
22553
22554
22555
22558
22559
22564
22571
22574
22576
22578
22581
22582
22587
22590
22591
22607
22612
22613
22615
22617
22622
22628
22629
22630
22632
22637
22639
22640
22643
22649
22650
22652
22654
22660
22667
22670
22685
22686
22689
22692
22693
22695
22699
22700
22701
22702
22704
22706
22710
22722
22723
22729
22733
22734
22735
22737
22743
22745
22750
22756
22757
22761
22765
22767
22773
22777
22780
22783
22785
22786
22788
22797
22798
22799
22812
22813
22819
22821
22823
22824
22829
22836
22846
22849
22865
22866
22870
22872
22873
22874
22878
22880
22887
22890
22891
22897
22899
22902
22904
22905
22910
22913
22916
22917
22920
22922
22923
22924
22927
22929
22930
22932
22936
22937
22938
22939
22943
22945
22948
22951
22956
22958
22963
22964
22970
22973
22975
22978
22979
22982
22984
22989
22991
22992
22996
22999
23005
23008
23011
23019
23021
23022
23024
23025
23027
23028
23033
23037
23039
23041
23042
23043
23044
23045
23049
23050
23052
23054
23056
23061
23067
23069
23072
23074
23077
23078
23079
23081
23087
23092
23094
23095
23098
23099
23111
23120
23124
23130
23131
23135
23136
23137
23144
23146
23147
23151
23152
23153
23154
23155
23159
23163
23164
23168
23171
23175
23178
23179
23185
23186
23191
23193
23196
23198
23199
23201
23204
23207
23221
23222
23227
23232
23233
23234
23235
23236
23239
23240
23241
23242
23247
23248
23250
23253
23256
23261
23265
23269
23276
23277
23287
23288
23292
23293
23294
23295
23296
23297
23301
23303
23304
23310
23312
23319
23320
23322
23325
23334
23336
23340
23341
23342
23344
23345
23346
23351
23354
23358
23359
23363
23364
23365
23367
23368
23369
23370
23372
23374
23380
23382
23387
23391
23393
23394
23395
23396
23397
23399
23401
23402
23403
23404
23406
23407
23411
23412
23424
23429
23430
23436
23438
23440
23442
23445
23448
23450
23451
23453
23455
23458
23463
23473
23477
23479
23482
23483
23484
23496
23498
23499
23500
23501
23502
23504
23505
23507
23509
23510
23512
23513
23523
23524
23530
23531
23534
23540
23542
23543
23547
23549
23551
23552
23556
23560
23567
23575
23577
23578
23579
23581
23582
23584
23589
23595
23597
23599
23602
23605
23606
23607
23610
23611
23612
23613
23617
23619
23623
23625
23627
23632
23636
23641
23650
23651
23663
23664
23665
23667
23668
23669
23670
23671
23673
23675
23676
23678
23683
23684
23686
23689
23690
23700
23705
23714
23725
23727
23728
23730
23734
23736
23737
23742
23748
23749
23751
23755
23756
23759
23761
23774
23780
23784
23787
23788
23789
23791
23793
23795
23807
23811
23813
23814
23815
23816
23820
23827
23830
23832
23834
23840
23842
23846
23851
23853
23855
23856
23858
23861
23862
23863
23865
23867
23870
23875
23881
23884
23892
23897
23901
23906
23907
23909
23914
23919
23921
23923
23924
23928
23929
23936
23938
23939
23943
23944
23946
23947
23948
23949
23951
23952
23955
23957
23962
23963
23970
23971
23975
23977
23978
23981
23983
23988
23989
23990
23997
24001
24004
24006
24008
24009
24010
24011
24012
24015
24016
24019
24023
24026
24028
24031
24032
24034
24035
24039
24043
24045
24046
24050
24052
24059
24070
24071
24072
24074
24075
24082
24083
24084
24086
24089
24092
24093
24095
24097
24101
24105
24106
24112
24114
24115
24119
24123
24129
24133
24135
24137
24140
24148
24149
24151
24153
24163
24174
24175
24178
24182
24183
24194
24196
24197
24202
24207
24209
24210
24211
24212
24214
24225
24226
24230
24232
24241
24251
24254
24259
24263
24273
24275
24276
24279
24281
24286
24289
24291
24292
24293
24294
24297
24300
24303
24304
24309
24313
24314
24315
24316
24320
24326
24327
24328
24329
24332
24333
24337
24342
24343
24344
24345
24352
24353
24354
24356
24360
24365
24366
24367
24368
24369
24375
24376
24381
24384
24392
24394
24397
24402
24404
24413
24414
24416
24417
24421
24422
24424
24428
24430
24431
24432
24435
24437
24441
24443
24446
24453
24454
24456
24457
24458
24464
24466
24467
24470
24471
24473
24479
24483
24484
24490
24495
24497
24498
24505
24506
24509
24511
24512
24514
24522
24524
24525
24527
24528
24532
24534
24539
24541
24544
24553
24554
24559
24560
24562
24563
24575
24579
24589
24590
24591
24595
24598
24600
24602
24603
24606
24607
24608
24610
24611
24613
24615
24618
24620
24622
24625
24630
24637
24639
24644
24645
24646
24648
24650
24655
24660
24661
24666
24667
24669
24670
24671
24673
24674
24680
24684
24693
24694
24697
24699
24700
24704
24707
24708
24709
24715
24718
24721
24725
24726
24728
24736
24739
24740
24745
24748
24752
24753
24758
24760
24761
24762
24765
24771
24779
24783
24784
24787
24788
24795
24797
24802
24807
24818
24819
24824
24830
24832
24834
24836
24837
24841
24851
24857
24860
24862
24874
24878
24880
24886
24891
24892
24894
24896
24898
24899
24901
24908
24909
24913
24914
24916
24920
24922
24923
24924
24925
24927
24937
24946
24948
24953
24954
24956
24962
24963
24968
24974
24976
24978
24981
24982
24983
24986
24992
24993
24995
24996
25000
25002
25003
25004
25007
25008
25010
25012
25015
25024
25026
25027
25039
25040
25047
25053
25055
25057
25062
25065
25068
25072
25085
25086
25091
25095
25096
25099
25101
25102
25110
25111
25116
25122
25127
25128
25129
25133
25136
25137
25139
25142
25145
25154
25155
25156
25157
25163
25168
25170
25171
25181
25182
25184
25186
25188
25189
25199
25204
25211
25212
25215
25216
25218
25222
25230
25234
25235
25240
25242
25244
25249
25253
25256
25257
25262
25266
25268
25270
25276
25279
25286
25287
25289
25290
25294
25295
25307
25308
25317
25321
25324
25326
25330
25331
25333
25337
25341
25345
25347
25350
25354
25355
25357
25359
25361
25362
25368
25371
25376
25378
25381
25385
25388
25389
25390
25391
25392
25394
25400
25407
25411
25414
25416
25419
25420
25424
25425
25426
25427
25430
25433
25436
25438
25439
25440
25442
25450
25451
25452
25454
25461
25465
25467
25468
25469
25470
25475
25476
25493
25498
25499
25501
25502
25510
25511
25512
25514
25517
25524
25527
25529
25531
25533
25536
25539
25541
25542
25548
25550
25555
25559
25562
25566
25572
25574
25576
25579
25580
25581
25585
25589
25590
25591
25592
25595
25599
25600
25601
25602
25603
25604
25608
25609
25614
25619
25620
25627
25633
25639
25642
25646
25648
25651
25654
25655
25659
25660
25664
25665
25668
25670
25672
25676
25680
25681
25682
25687
25690
25692
25693
25698
25699
25703
25707
25711
25723
25724
25726
25727
25728
25730
25736
25738
25739
25740
25744
25746
25749
25751
25765
25766
25769
25770
25771
25772
25774
25776
25777
25779
25787
25791
25794
25795
25797
25798
25799
25800
25804
25806
25811
25813
25820
25821
25823
25830
25834
25840
25841
25847
25848
25858
25860
25866
25873
25877
25879
25882
25883
25886
25888
25889
25890
25891
25894
25897
25907
25909
25914
25918
25920
25921
25925
25934
25939
25940
25942
25943
25945
25946
25947
25951
25953
25956
25957
25959
25963
25965
25966
25970
25971
25974
25976
25977
25978
25979
25980
25982
25985
25986
25991
25993
25996
25997
26000
26001
26003
26006
26010
26011
26019
26026
26029
26030
26031
26033
26038
26040
26041
26042
26043
26045
26047
26049
26052
26055
26059
26062
26066
26067
26068
26078
26089
26090
26091
26094
26095
26096
26099
26107
26108
26109
26118
26119
26129
26131
26136
26137
26138
26140
26141
26144
26147
26155
26156
26158
26161
26164
26167
26172
26174
26175
26176
26179
26180
26183
26184
26186
26192
26195
26197
26203
26205
26208
26209
26212
26215
26217
26218
26220
26222
26223
26225
26226
26228
26232
26236
26240
26248
26251
26252
26253
26254
26256
26258
26259
26261
26266
26267
26268
26269
26271
26273
26275
26277
26278
26282
26286
26288
26291
26295
26297
26306
26307
26308
26311
26315
26324
26328
26330
26331
26334
26337
26355
26357
26359
26361
26362
26366
26367
26371
26373
26377
26378
26380
26381
26382
26384
26385
26386
26389
26390
26393
26395
26396
26397
26398
26405
26408
26409
26415
26416
26419
26422
26425
26432
26436
26438
26441
26448
26449
26451
26459
26460
26462
26470
26472
26475
26477
26480
26487
26495
26497
26499
26506
26508
26512
26521
26523
26525
26528
26529
26531
26532
26534
26535
26536
26537
26539
26546
26548
26561
26562
26563
26568
26570
26574
26576
26585
26587
26588
26591
26597
26598
26599
26604
26605
26609
26610
26615
26618
26620
26622
26623
26626
26629
26633
26637
26638
26646
26651
26652
26653
26658
26659
26660
26661
26669
26672
26674
26677
26679
26687
26690
26692
26694
26698
26699
26700
26701
26706
26707
26708
26709
26711
26713
26714
26716
26718
26721
26724
26726
26727
26729
26733
26734
26738
26739
26741
26754
26757
26759
26769
26770
26778
26779
26780
26782
26785
26787
26789
26790
26791
26794
26795
26801
26804
26807
26811
26814
26829
26835
26840
26841
26844
26845
26847
26850
26859
26862
26863
26865
26866
26871
26875
26876
26878
26881
26884
26885
26889
26890
26898
26899
26901
26902
26903
26905
26908
26909
26910
26911
26912
26917
26923
26926
26931
26935
26941
26942
26943
26944
26951
26955
26957
26958
26959
26960
26964
26965
26966
26971
26973
26986
26990
26994
26995
26998
27005
27010
27023
27024
27027
27028
27038
27040
27041
27043
27046
27049
27050
27051
27056
27057
27058
27060
27061
27062
27063
27069
27071
27076
27078
27079
27088
27093
27095
27097
27100
27102
27106
27110
27112
27113
27116
27117
27119
27120
27123
27124
27131
27132
27136
27148
27155
27159
27164
27165
27167
27168
27169
27171
27176
27180
27187
27189
27195
27205
27209
27215
27216
27218
27221
27224
27225
27226
27234
27238
27241
27246
27248
27249
27250
27251
27257
27258
27264
27266
27271
27272
27275
27276
27284
27285
27287
27301
27302
27307
27308
27311
27312
27319
27321
27324
27325
27327
27329
27333
27334
27339
27346
27347
27348
27349
27351
27354
27356
27364
27368
27370
27372
27373
27375
27376
27379
27381
27384
27386
27387
27388
27390
27392
27395
27396
27399
27400
27401
27408
27409
27413
27416
27421
27425
27426
27431
27432
27433
27434
27436
27437
27438
27441
27442
27445
27446
27449
27450
27455
27457
27460
27462
27467
27468
27469
27472
27475
27478
27483
27486
27488
27489
27490
27492
27500
27506
27507
27508
27509
27511
27512
27518
27520
27522
27523
27529
27530
27531
27549
27550
27552
27553
27556
27557
27563
27567
27571
27572
27573
27575
27579
27588
27590
27594
27596
27597
27598
27600
27602
27604
27607
27615
27616
27617
27619
27620
27622
27623
27625
27626
27627
27632
27636
27638
27639
27640
27644
27649
27655
27656
27666
27667
27669
27671
27678
27684
27687
27690
27693
27694
27697
27699
27700
27704
27705
27709
27714
27716
27719
27723
27733
27734
27742
27743
27745
27746
27748
27749
27750
27752
27755
27761
27762
27765
27767
27768
27770
27771
27777
27778
27781
27785
27788
27790
27791
27795
27802
27803
27805
27806
27807
27808
27812
27813
27815
27819
27820
27825
27827
27832
27833
27835
27838
27841
27845
27847
27848
27849
27854
27856
27860
27865
27871
27881
27887
27889
27890
27893
27898
27899
27902
27905
27906
27907
27908
27916
27923
27926
27930
27934
27935
27936
27938
27943
27944
27949
27955
27957
27960
27962
27964
27967
27968
27973
27974
27982
27985
27989
27994
27997
27998
28000
28002
28004
28007
28008
28010
28013
28015
28018
28022
28023
28024
28025
28026
28029
28031
28033
28039
28040
28043
28045
28046
28050
28058
28059
28060
28061
28062
28064
28068
28072
28073
28077
28078
28079
28082
28084
28089
28094
28109
28111
28115
28120
28121
28122
28123
28127
28132
28134
28135
28136
28138
28139
28140
28144
28151
28152
28155
28157
28159
28163
28164
28166
28167
28170
28171
28172
28177
28180
28189
28190
28195
28198
28200
28204
28206
28211
28213
28214
28219
28221
28222
28224
28233
28235
28238
28239
28245
28247
28248
28251
28255
28256
28257
28263
28264
28266
28267
28268
28269
28270
28279
28282
28285
28291
28292
28300
28302
28304
28309
28312
28316
28318
28319
28320
28321
28323
28324
28325
28328
28334
28339
28341
28343
28346
28349
28351
28360
28365
28368
28369
28370
28375
28379
28380
28381
28384
28387
28388
28390
28393
28396
28401
28402
28404
28406
28409
28411
28413
28414
28418
28419
28423
28425
28426
28427
28428
28429
28431
28432
28440
28441
28444
28445
28451
28455
28456
28458
28464
28465
28466
28472
28473
28475
28477
28483
28485
28486
28490
28494
28499
28502
28504
28505
28511
28513
28515
28518
28526
28528
28530
28539
28550
28553
28557
28561
28567
28568
28574
28580
28581
28586
28587
28588
28595
28600
28607
28608
28614
28619
28622
28625
28626
28627
28628
28630
28633
28635
28636
28637
28648
28650
28651
28654
28655
28664
28677
28678
28679
28680
28682
28692
28698
28704
28709
28712
28721
28726
28730
28737
28738
28747
28748
28749
28751
28758
28759
28761
28765
28766
28771
28772
28777
28778
28779
28784
28788
28790
28791
28800
28801
28807
28810
28813
28814
28816
28818
28820
28821
28822
28828
28829
28830
28831
28839
28840
28842
28845
28846
28847
28852
28859
28863
28868
28870
28871
28878
28882
28884
28886
28888
28889
28890
28892
28895
28901
28903
28910
28914
28917
28921
28922
28923
28924
28932
28934
28938
28942
28943
28955
28956
28960
28962
28963
28964
28971
28979
28982
28983
28988
28991
29002
29004
29006
29010
29012
29014
29017
